Running with... /Users/gc3045/scmail_v1/sc-mail-experiments/Real_biodata/TLSCL/evaluation/LAML_casshybridstart_rep4rep15_AM-DNA-097_scaled_collapsed.nwk
root_distr: [9.99999999e-01 1.00000000e-10 1.00000000e-10 1.00000000e-10
 1.00000000e-10 1.00000000e-10]
unknown node labels {'ATCACTTTCTGGCCGA-1', 'TCACGCTCACGGTAGA-1', 'TCATTACTCTGATGGT-1', 'CGTGAATCAGTAACGG-1', 'ATCTTCATCGAGTCTA-1', 'TCATCATCAGCCTACG-1', 'TCCTAATCAAGTGGTG-1', 'CCGTAGGTCTAGAACC-1', 'TCTATCACATTAGGCT-1', 'TTTGGAGAGGGTTAAT-1', 'AGTCTCCTCCGGTAGC-1', 'GATGGAGTCCTGGGTG-1', 'GGGATGAAGTAACCTC-1', 'CTGATCCGTGTTTACG-1', 'GTAGTACAGTGAGTTA-1'}
Dropping 15 nodes with unknown cell state...
959
948
lb2idx: {0: 0, 1: 1, 2: 2, 3: 3, 4: 4, 5: 5}
idx2lbl: [0, 1, 2, 3, 4, 5]
root distr: [9.99999999e-01 1.00000000e-10 1.00000000e-10 1.00000000e-10
 1.00000000e-10 1.00000000e-10]
Running with... /Users/gc3045/scmail_v1/sc-mail-experiments/Real_biodata/TLSCL/evaluation/LAML_casshybridstart_rep4rep15_AM-DNA-097_scaled_collapsed.nwk
root_distr: [9.99999999e-01 1.00000000e-10 1.00000000e-10 1.00000000e-10
 1.00000000e-10 1.00000000e-10]
unknown node labels {'CCGTAGGTCTAGAACC-1', 'GATGGAGTCCTGGGTG-1', 'TCACGCTCACGGTAGA-1', 'GGGATGAAGTAACCTC-1', 'TCCTAATCAAGTGGTG-1', 'AGTCTCCTCCGGTAGC-1', 'TTTGGAGAGGGTTAAT-1', 'ATCTTCATCGAGTCTA-1', 'TCATTACTCTGATGGT-1', 'ATCACTTTCTGGCCGA-1', 'TCATCATCAGCCTACG-1', 'CGTGAATCAGTAACGG-1', 'GTAGTACAGTGAGTTA-1', 'CTGATCCGTGTTTACG-1', 'TCTATCACATTAGGCT-1'}
Dropping 15 nodes with unknown cell state...
959
948
lb2idx: {0: 0, 1: 1, 2: 2, 3: 3, 4: 4, 5: 5}
idx2lbl: [0, 1, 2, 3, 4, 5]
root distr: [9.99999999e-01 1.00000000e-10 1.00000000e-10 1.00000000e-10
 1.00000000e-10 1.00000000e-10]
niter 99
New llh -1025.9684401198904
Time:58.841096415999345
P: [[3.64478841e-01 2.29182519e-06 1.54262210e-06 6.35514152e-01
  1.59379886e-06 1.57834334e-06]
 [1.00671351e-06 1.48283622e-06 2.18636537e-02 4.14570580e-01
  1.73680117e-02 5.46195265e-01]
 [1.01022433e-06 1.05288214e-06 8.07874624e-05 4.28398834e-02
  1.11698573e-06 9.57076149e-01]
 [1.00614105e-06 7.50965616e-01 1.05608655e-06 2.11473943e-01
  1.04178417e-06 3.75573371e-02]
 [1.00218441e-06 1.75282254e-02 2.22478642e-01 1.05446314e-02
  5.52951240e-01 1.96496260e-01]
 [1.00112634e-06 1.33433754e-02 1.07560976e-02 1.97142333e-02
  2.18456390e-01 7.37728903e-01]]
lb2idx: {0: 0, 1: 1, 2: 2, 3: 3, 4: 4, 5: 5}
idx2lbl: [0, 1, 2, 3, 4, 5]
root distr: [9.99999999e-01 1.00000000e-10 1.00000000e-10 1.00000000e-10
 1.00000000e-10 1.00000000e-10]
niter 94
New llh -1003.6156394082884
Time:55.94714337500045
P: [[1.69280236e-01 1.17467826e-06 5.95555302e-03 1.81210429e-02
  6.07313649e-06 8.06635920e-01]
 [1.00765452e-06 9.99994927e-01 1.01606118e-06 1.01858626e-06
  1.02138792e-06 1.00916830e-06]
 [1.00369405e-06 2.41514785e-04 7.85525839e-05 1.02067341e-06
  4.18189824e-01 5.81488084e-01]
 [1.00517449e-06 4.49269749e-04 1.05981160e-06 6.79525201e-06
  1.75679977e-01 8.23861893e-01]
 [1.00114152e-06 1.93785152e-02 1.32176252e-01 1.00201271e-06
  6.95161568e-01 1.53281662e-01]
 [1.00054289e-06 1.66816327e-02 6.85807707e-02 8.85550528e-02
  7.04779045e-02 7.55703639e-01]]
lb2idx: {0: 0, 1: 1, 2: 2, 3: 3, 4: 4, 5: 5}
idx2lbl: [0, 1, 2, 3, 4, 5]
root distr: [9.99999999e-01 1.00000000e-10 1.00000000e-10 1.00000000e-10
 1.00000000e-10 1.00000000e-10]
niter 99
New llh -990.1615762822695
Time:58.93089424999198
P: [[3.24850120e-01 6.75142166e-01 1.85975171e-06 1.93670751e-06
  1.95349396e-06 1.96386885e-06]
 [1.01695145e-06 7.47432036e-01 1.02091775e-06 1.06868674e-06
  9.91370690e-02 1.53427788e-01]
 [1.01654034e-06 1.56703784e-02 4.28004570e-01 3.62406648e-01
  2.94385157e-03 1.90973535e-01]
 [1.04062642e-06 7.07873506e-06 3.43056006e-04 1.59012835e-01
  1.35837934e-01 7.04798055e-01]
 [1.00405451e-06 1.10056125e-02 7.07341728e-02 1.00841508e-06
  7.45500193e-01 1.72758010e-01]
 [1.00295529e-06 1.26785919e-02 4.24378054e-02 2.66053770e-02
  1.01789951e-01 8.16487272e-01]]
lb2idx: {0: 0, 1: 1, 2: 2, 3: 3, 4: 4, 5: 5}
idx2lbl: [0, 1, 2, 3, 4, 5]
root distr: [9.99999999e-01 1.00000000e-10 1.00000000e-10 1.00000000e-10
 1.00000000e-10 1.00000000e-10]
niter 99
New llh -1016.2354845345469
Time:59.95299304195214
P: [[8.16752702e-04 2.11360785e-01 2.57889880e-05 2.10147843e-06
  7.87792183e-01 2.38872031e-06]
 [1.01356308e-06 1.03054202e-06 8.48664756e-02 3.75043493e-05
  7.40914494e-01 1.74179482e-01]
 [1.00952971e-06 1.04074811e-06 5.40405301e-01 1.66696627e-02
  1.29978950e-01 3.12944036e-01]
 [1.01046034e-06 1.03647484e-06 2.52858457e-05 6.58961731e-01
  2.75191887e-02 3.13491747e-01]
 [1.00395732e-06 2.36190609e-01 3.35537846e-02 1.04110047e-02
  5.56470019e-01 1.63373578e-01]
 [1.00149919e-06 6.42166924e-05 3.59655002e-02 2.17333703e-02
  1.11990817e-01 8.30245094e-01]]
lb2idx: {0: 0, 1: 1, 2: 2, 3: 3, 4: 4, 5: 5}
idx2lbl: [0, 1, 2, 3, 4, 5]
root distr: [9.99999999e-01 1.00000000e-10 1.00000000e-10 1.00000000e-10
 1.00000000e-10 1.00000000e-10]
niter 99
New llh -1035.5201767843323
Time:59.121593875053804
P: [[3.56795262e-01 6.41027553e-01 2.07064131e-03 1.00314520e-06
  1.00340670e-06 1.04537459e-04]
 [3.93146275e-04 1.00469583e-06 4.26243369e-04 3.08891791e-01
  3.69137903e-02 6.53374024e-01]
 [5.25486577e-04 1.00168358e-06 1.24499012e-01 1.01643982e-06
  1.13759775e-01 7.61213708e-01]
 [1.69630135e-06 1.01459971e-06 5.81586575e-01 3.10246360e-01
  4.63625623e-03 1.03528098e-01]
 [1.97293244e-06 8.23670964e-03 8.71882130e-02 1.00128872e-06
  7.45255013e-01 1.59317091e-01]
 [3.83491895e-03 8.11979664e-02 2.57403569e-02 2.71114562e-02
  1.10401877e-01 7.51713424e-01]]
lb2idx: {0: 0, 1: 1, 2: 2, 3: 3, 4: 4, 5: 5}
idx2lbl: [0, 1, 2, 3, 4, 5]
root distr: [9.99999999e-01 1.00000000e-10 1.00000000e-10 1.00000000e-10
 1.00000000e-10 1.00000000e-10]
niter 75
New llh -1005.1711291326419
Time:44.919215208967216
P: [[9.79402859e-06 9.99950154e-01 9.46082493e-06 1.16294129e-05
  9.45967648e-06 9.50186334e-06]
 [1.11319735e-06 7.71163038e-06 1.62523164e-05 4.48995402e-01
  1.51474804e-01 3.99504716e-01]
 [1.08119203e-06 2.28684679e-02 1.40295160e-04 1.14009341e-06
  8.68334958e-01 1.08654058e-01]
 [1.15351380e-06 7.51862223e-01 5.83811304e-04 1.97744758e-01
  1.16158560e-06 4.98068922e-02]
 [1.02212487e-06 2.06280460e-02 2.03354994e-01 1.09351397e-04
  5.51874408e-01 2.24032178e-01]
 [1.00720167e-06 3.57913231e-03 3.79746684e-02 3.30645322e-02
  9.11531851e-02 8.34227475e-01]]
lb2idx: {0: 0, 1: 1, 2: 2, 3: 3, 4: 4, 5: 5}
idx2lbl: [0, 1, 2, 3, 4, 5]
root distr: [9.99999999e-01 1.00000000e-10 1.00000000e-10 1.00000000e-10
 1.00000000e-10 1.00000000e-10]
niter 99
New llh -1015.9318406230564
Time:59.30142029101262
P: [[3.01373271e-01 4.07714724e-01 2.17437569e-06 1.84953950e-06
  2.90905392e-01 2.58982969e-06]
 [1.01407285e-06 1.03370387e-06 6.92711322e-02 1.06713674e-06
  8.08735905e-01 1.21989848e-01]
 [1.01015400e-06 1.03327708e-06 5.40083204e-01 2.02699994e-02
  8.69891837e-02 3.52655570e-01]
 [1.01383008e-06 1.03521463e-06 1.35169308e-04 6.59056554e-01
  2.72101867e-02 3.13596041e-01]
 [1.00432143e-06 2.34628740e-01 4.56841140e-02 1.04329717e-02
  5.37666116e-01 1.71587054e-01]
 [1.00194496e-06 1.00309524e-06 3.23320443e-02 2.12616696e-02
  1.18424881e-01 8.27979400e-01]]
lb2idx: {0: 0, 1: 1, 2: 2, 3: 3, 4: 4, 5: 5}
idx2lbl: [0, 1, 2, 3, 4, 5]
root distr: [9.99999999e-01 1.00000000e-10 1.00000000e-10 1.00000000e-10
 1.00000000e-10 1.00000000e-10]
niter 99
New llh -988.0428808566808
Time:59.028943665965926
P: [[4.22813618e-04 1.08712194e-06 5.52955697e-06 9.94669861e-01
  1.38877423e-05 4.88682061e-03]
 [1.00364734e-06 9.99979884e-01 2.41310479e-06 1.01026734e-06
  1.44702002e-05 1.21921986e-06]
 [1.61219472e-06 4.69106795e-02 9.74704354e-04 1.57939726e-04
  9.35187565e-01 1.67674996e-02]
 [1.00352365e-06 6.66496969e-03 2.87407667e-02 6.08947960e-01
  6.91324435e-03 3.48732056e-01]
 [1.00128628e-06 4.53473105e-03 2.13392237e-01 1.31588114e-06
  5.15425522e-01 2.66645193e-01]
 [1.00027126e-06 1.69547832e-02 2.61996117e-02 3.01986958e-02
  1.07277694e-01 8.19368215e-01]]
lb2idx: {0: 0, 1: 1, 2: 2, 3: 3, 4: 4, 5: 5}
idx2lbl: [0, 1, 2, 3, 4, 5]
root distr: [9.99999999e-01 1.00000000e-10 1.00000000e-10 1.00000000e-10
 1.00000000e-10 1.00000000e-10]
niter 99
New llh -1020.6747319696101
Time:59.06388391600922
P: [[4.17182080e-01 4.10163080e-02 5.41798490e-01 1.03544298e-06
  1.03701398e-06 1.04908506e-06]
 [1.00115574e-06 7.13666505e-01 1.00158570e-06 2.16134654e-06
  1.88955578e-01 9.73737532e-02]
 [1.00139471e-06 1.91795590e-01 3.55744769e-01 6.32073509e-02
  4.35861250e-02 3.45665163e-01]
 [1.00148933e-06 1.00454005e-06 6.57052611e-06 6.62101666e-01
  5.10690602e-02 2.86820698e-01]
 [1.00049610e-06 2.35493690e-04 4.89461603e-03 3.84064635e-02
  5.54236012e-02 9.01038825e-01]
 [1.00022597e-06 5.22777042e-04 8.30603241e-02 1.57044443e-03
  4.30131812e-01 4.84713642e-01]]
lb2idx: {0: 0, 1: 1, 2: 2, 3: 3, 4: 4, 5: 5}
idx2lbl: [0, 1, 2, 3, 4, 5]
root distr: [9.99999999e-01 1.00000000e-10 1.00000000e-10 1.00000000e-10
 1.00000000e-10 1.00000000e-10]
niter 94
New llh -977.4627632609811
Time:56.61346975003835
P: [[3.11870920e-01 6.88118623e-01 2.31953580e-06 2.59779119e-06
  2.29304912e-06 3.24709273e-06]
 [1.00535483e-06 7.56300124e-01 1.02077653e-06 1.08813400e-06
  7.41429436e-02 1.69553818e-01]
 [1.00455496e-06 2.33336501e-03 5.50128702e-01 2.34899790e-06
  3.35482892e-02 4.13986290e-01]
 [1.00905819e-06 1.02207101e-02 1.61599712e-02 6.50100891e-01
  2.47813580e-02 2.98736060e-01]
 [1.00120492e-06 1.39996085e-02 7.30956398e-02 6.62760572e-06
  7.47917915e-01 1.64979208e-01]
 [1.00110202e-06 1.26103469e-02 2.47826431e-02 3.03686104e-02
  1.09833133e-01 8.22404266e-01]]
optimal -977.4627632609811 [[3.1187e-01 6.8812e-01 0.0000e+00 0.0000e+00 0.0000e+00 0.0000e+00]
 [0.0000e+00 7.5630e-01 0.0000e+00 0.0000e+00 7.4140e-02 1.6955e-01]
 [0.0000e+00 2.3300e-03 5.5013e-01 0.0000e+00 3.3550e-02 4.1399e-01]
 [0.0000e+00 1.0220e-02 1.6160e-02 6.5010e-01 2.4780e-02 2.9874e-01]
 [0.0000e+00 1.4000e-02 7.3100e-02 1.0000e-05 7.4792e-01 1.6498e-01]
 [0.0000e+00 1.2610e-02 2.4780e-02 3.0370e-02 1.0983e-01 8.2240e-01]]
InternalNode0 [1.00000000e+00 6.26614088e-11 8.52030850e-13 1.51005242e-12
 1.78746635e-12 1.94328092e-12]
InternalNode1 [4.31793081e-01 5.68206850e-01 9.75882961e-09 1.39915657e-08
 1.34269595e-08 3.20131624e-08]
InternalNode2 [1.39543631e-01 8.54764109e-01 2.56768227e-08 6.39961438e-08
 9.72379882e-04 4.71979071e-03]
InternalNode3 [1.07804298e-02 8.49245648e-01 9.16419287e-05 1.68142699e-04
 1.65280440e-02 1.23186093e-01]
InternalNode4 [1.53762987e-07 2.08964911e-01 7.26801988e-04 8.32971622e-03
 1.63594504e-01 6.18383914e-01]
InternalNode5 [1.30955093e-12 3.28876924e-02 1.22138197e-03 2.13003893e-03
 7.28212434e-01 2.35548452e-01]
InternalNode6 [1.22193622e-09 8.84461762e-03 4.34324858e-03 4.65896564e-03
 7.64392302e-01 2.17760865e-01]
InternalNode7 [1.10432679e-13 1.32323359e-03 4.78429808e-04 2.14285989e-04
 9.55524528e-01 4.24595225e-02]
CCCTAACCAAGTACCT-1 [0. 0. 0. 0. 1. 0.]
InternalNode8 [1.31103305e-10 4.25760447e-04 3.57501417e-04 2.48311468e-05
 9.85363532e-01 1.38283746e-02]
InternalNode9 [1.35427425e-17 2.31133130e-04 2.07267076e-04 4.17036328e-06
 9.92878150e-01 6.67927981e-03]
TCATTTGAGCGTATGG-1 [0. 0. 0. 0. 1. 0.]
CCGATCTGTATGATCC-1 [0. 0. 0. 0. 1. 0.]
InternalNode10 [1.35427425e-17 2.31133130e-04 2.07267076e-04 4.17036328e-06
 9.92878150e-01 6.67927981e-03]
AACAAAGCAATCGCAT-1 [0. 0. 0. 0. 1. 0.]
CCTCATGCACTTGTCC-1 [0. 0. 0. 0. 1. 0.]
InternalNode11 [3.08461704e-14 2.57724943e-03 6.49929879e-03 2.47785776e-02
 5.46890918e-01 4.19253956e-01]
GACCCTTAGTATAGGT-1 [0. 0. 0. 0. 1. 0.]
InternalNode12 [8.39002255e-12 1.59291002e-04 4.60476680e-03 2.87996690e-01
 6.98629063e-03 7.00252962e-01]
InternalNode13 [1.43734842e-12 4.83816871e-04 7.78861716e-03 3.08200420e-01
 4.79545369e-03 6.78731692e-01]
InternalNode14 [2.99647435e-13 1.05431158e-03 1.43899306e-02 8.92781423e-02
 7.37733995e-03 8.87900276e-01]
TGGGATTTCTGAATGC-1 [0. 0. 0. 0. 0. 1.]
InternalNode15 [3.30165612e-13 1.15451045e-03 1.50552934e-02 2.90969778e-02
 1.23531059e-02 9.42340113e-01]
TCCACGTAGTTCTCTT-1 [0. 0. 0. 0. 0. 1.]
InternalNode16 [4.75082831e-13 1.46948848e-03 1.26067475e-02 1.15565813e-02
 3.63523182e-02 9.38014864e-01]
ATGGAGGTCCTTCGAC-1 [0. 0. 0. 0. 0. 1.]
InternalNode17 [8.61532076e-17 2.19898343e-03 6.01722922e-03 3.96089953e-03
 1.76950734e-01 8.10872153e-01]
GCAGTTAGTATCATGC-1 [0. 0. 0. 0. 0. 1.]
CGCCATTTCCTGTAAG-1 [0. 0. 0. 0. 1. 0.]
InternalNode18 [6.22319211e-12 1.52098479e-07 1.24131885e-06 4.54696502e-01
 2.47909137e-05 5.45277314e-01]
GCCGATGGTGACAACG-1 [0. 0. 0. 1. 0. 0.]
InternalNode19 [1.42926968e-16 2.63547834e-03 5.01812122e-03 6.35397726e-02
 1.22951063e-01 8.05855564e-01]
CACGAATAGTAAGGGA-1 [0. 0. 0. 0. 1. 0.]
TCATTGTGTCATACCA-1 [0. 0. 0. 0. 0. 1.]
InternalNode20 [7.43161485e-16 8.10019889e-10 2.26635696e-08 9.46869244e-01
 9.22963014e-08 5.31306399e-02]
GTGGCGTCACGGAAGT-1 [0. 0. 0. 1. 0. 0.]
InternalNode21 [4.98566608e-17 1.00038448e-13 8.41892183e-13 9.96086807e-01
 2.26241606e-11 3.91319301e-03]
GCCGTGAAGTCTAACC-1 [0. 0. 0. 1. 0. 0.]
TGTCCACCAAGGTACG-1 [0. 0. 0. 1. 0. 0.]
ACATGCAAGTGGTTCT-1 [0. 0. 0. 0. 1. 0.]
InternalNode22 [3.37091425e-12 6.23505030e-06 3.74970547e-05 1.96224666e-01
 2.35919788e-04 8.03495682e-01]
GGACGTCAGGTCACCC-1 [0. 0. 0. 1. 0. 0.]
InternalNode23 [3.77237065e-16 9.99383040e-08 2.44788668e-01 5.15653856e-02
 4.90866916e-02 6.54559155e-01]
AAGGAATGTTCCTAGA-1 [0. 0. 1. 0. 0. 0.]
ACGTTCCAGTACGAGC-1 [0. 0. 0. 0. 0. 1.]
InternalNode24 [1.19624292e-07 8.35503365e-01 1.26794226e-03 1.30249658e-03
 1.26341532e-02 1.49291924e-01]
GAGGGTAAGCTATCCA-1 [0. 0. 0. 0. 0. 1.]
InternalNode25 [6.27683581e-06 9.02696539e-01 6.77086502e-04 2.59138831e-03
 1.77983677e-02 7.62303421e-02]
GTAATGCCATACCACA-1 [0. 1. 0. 0. 0. 0.]
InternalNode26 [4.02439999e-02 9.48782604e-01 4.97008032e-05 4.72286897e-05
 2.87490252e-03 8.00156411e-03]
InternalNode27 [4.01987834e-03 9.18277157e-01 1.46999915e-04 1.48781796e-04
 2.39015115e-02 5.35056717e-02]
InternalNode28 [1.04200832e-04 2.44046842e-01 2.89155760e-03 1.50181767e-03
 1.03795085e-01 6.47660497e-01]
InternalNode29 [1.68898820e-06 6.23653712e-02 1.07689616e-02 3.08312863e-02
 1.20318489e-01 7.75714202e-01]
InternalNode30 [4.17150361e-12 2.02723494e-02 7.29217519e-03 7.48961809e-03
 2.73745476e-01 6.91200381e-01]
CCCTAACCACAGAGAC-1 [0. 0. 0. 0. 1. 0.]
InternalNode31 [3.48855606e-17 4.39632144e-03 3.07643994e-02 4.95481465e-03
 4.24457298e-02 9.17438735e-01]
AGACAGGTCCCAGGCA-1 [0. 0. 0. 0. 0. 1.]
TCCTTTCTCGGCTGGT-1 [0. 0. 0. 0. 0. 1.]
InternalNode32 [1.96724487e-08 9.82674316e-03 1.13419796e-02 1.40469001e-01
 5.19962893e-02 7.86365967e-01]
InternalNode33 [3.84015586e-13 4.76081091e-03 8.65530993e-03 2.60318283e-02
 1.48063775e-01 8.12488276e-01]
GTTGTGAAGAGGTTTA-1 [0. 0. 0. 0. 0. 1.]
InternalNode34 [8.88029561e-10 1.79013219e-03 3.93111462e-03 2.30810613e-03
 7.75785323e-01 2.16185323e-01]
InternalNode35 [8.17479442e-14 4.78415597e-04 2.36692508e-02 6.67752609e-04
 8.79122753e-01 9.60618280e-02]
InternalNode36 [7.85984926e-11 2.98389303e-04 5.74239626e-01 7.69304011e-04
 3.15603752e-01 1.09088929e-01]
InternalNode37 [1.43873607e-16 6.91728275e-05 7.23298076e-01 8.44349207e-04
 1.16537440e-01 1.59250962e-01]
GGGTTATTCTTTGATC-1 [0. 0. 0. 0. 0. 1.]
InternalNode38 [1.48699416e-16 4.29253163e-13 9.59397575e-01 1.73525838e-04
 2.94804445e-02 1.09484549e-02]
TTTACGTTCACTTATC-1 [0. 0. 1. 0. 0. 0.]
GTGTAACCATGCAGCC-1 [0. 0. 1. 0. 0. 0.]
InternalNode39 [1.84679995e-10 2.68983160e-04 6.87939467e-01 1.13189686e-03
 1.27724512e-01 1.82935141e-01]
InternalNode40 [2.66977096e-13 7.17191805e-04 2.26013202e-01 1.41626637e-03
 2.46604886e-02 7.47192851e-01]
InternalNode41 [2.22090763e-17 7.01254022e-04 6.45341142e-02 3.88608189e-03
 7.97195577e-03 9.22906594e-01]
ACTATGGCATACTGAC-1 [0. 0. 0. 0. 0. 1.]
CTGTGGGTCGGAGTAG-1 [0. 0. 0. 0. 0. 1.]
AGGCCACGTTGTGTAC-1 [0. 0. 0. 0. 0. 1.]
InternalNode42 [3.42043247e-13 5.75644840e-05 8.36770020e-01 1.16020958e-03
 6.06181453e-02 1.01394061e-01]
InternalNode43 [1.23105814e-16 3.75050668e-09 9.49955637e-01 3.60380555e-04
 2.43703388e-02 2.53136398e-02]
AAACGAACAAATGGTA-1 [0. 0. 1. 0. 0. 0.]
InternalNode44 [6.81169337e-17 7.25658912e-09 9.07392757e-01 2.41177657e-04
 1.18494745e-02 8.05165840e-02]
AACCATGCACCGTCTT-1 [0. 0. 1. 0. 0. 0.]
TATTGCTTCCCAGCGA-1 [0. 0. 0. 0. 0. 1.]
InternalNode45 [8.06094808e-17 1.54922941e-04 6.88509346e-01 9.83273464e-04
 2.63514964e-02 2.84000961e-01]
InternalNode46 [1.36202210e-16 3.50259219e-08 7.25640798e-01 1.97754618e-03
 2.60723214e-02 2.46309299e-01]
TAAGTCGGTGTGAGCA-1 [0. 0. 0. 0. 0. 1.]
GTAATCGGTGTATTCG-1 [0. 0. 1. 0. 0. 0.]
AGACTCACAGTCTTCC-1 [0. 0. 0. 0. 0. 1.]
CGGGTGTAGCCATTTG-1 [0. 0. 0. 0. 1. 0.]
InternalNode47 [2.31743098e-13 7.42443370e-04 8.48978109e-04 2.48213353e-04
 9.39610170e-01 5.85501949e-02]
InternalNode48 [3.72180217e-13 7.90140422e-04 2.05997839e-03 1.16772348e-04
 9.44608604e-01 5.24245045e-02]
GGAGGTATCCGATCTC-1 [0. 0. 0. 0. 1. 0.]
InternalNode49 [6.98978416e-17 1.85052980e-03 9.37250517e-03 1.49469387e-04
 8.12761464e-01 1.75866031e-01]
GGGTTATAGGTAGCCA-1 [0. 0. 0. 0. 0. 1.]
CAAGACTGTGCAACAG-1 [0. 0. 0. 0. 1. 0.]
CATGCGGTCTCCAATT-1 [0. 0. 0. 0. 1. 0.]
InternalNode50 [5.41888843e-13 1.23331803e-03 7.14312946e-03 5.44083336e-01
 6.51465732e-03 4.41025559e-01]
InternalNode51 [1.22206546e-15 3.25112292e-07 6.18780079e-07 5.63554960e-01
 1.25345642e-04 4.36318750e-01]
CCTCAACCACCTAAAC-1 [0. 0. 0. 1. 0. 0.]
CATTTCATCTGGGCAC-1 [0. 0. 0. 0. 1. 0.]
InternalNode52 [1.76040594e-11 2.70502042e-04 3.41666571e-03 6.93361586e-01
 1.74504319e-03 3.01206203e-01]
InternalNode53 [2.65537194e-14 3.42964394e-04 4.17951400e-03 5.79008596e-01
 1.88977668e-03 4.14579149e-01]
GTGTAACTCGGACCAC-1 [0. 0. 0. 0. 0. 1.]
InternalNode54 [1.48789101e-11 9.79311782e-05 1.29653061e-03 6.47162237e-01
 1.09803092e-03 3.50345270e-01]
InternalNode55 [6.52434744e-09 1.93403214e-03 1.30217492e-02 1.81809721e-01
 2.59996875e-02 7.77234804e-01]
InternalNode56 [2.53074134e-17 1.07816772e-03 1.32556250e-02 4.37026035e-02
 8.27936200e-03 9.33684242e-01]
TGAACGTGTGCGGCTT-1 [0. 0. 0. 0. 0. 1.]
TTCACGCGTACGACTT-1 [0. 0. 0. 0. 0. 1.]
InternalNode57 [1.10157530e-16 2.64597525e-03 6.44517322e-03 2.68258336e-02
 1.58479205e-01 8.05603812e-01]
ACTGCAAAGAATGTTG-1 [0. 0. 0. 0. 0. 1.]
CTCCTCCCAGGTCCCA-1 [0. 0. 0. 0. 1. 0.]
InternalNode58 [2.45005924e-16 3.24250956e-06 5.00107364e-05 9.21270507e-01
 2.67864566e-05 7.86494529e-02]
InternalNode59 [6.40945162e-17 1.48668627e-13 1.55618909e-12 9.94609265e-01
 3.74991806e-11 5.39073504e-03]
CTCCAACCATTCTCCG-1 [0. 0. 0. 1. 0. 0.]
GCATCTCTCAGGAACG-1 [0. 0. 0. 1. 0. 0.]
InternalNode60 [8.38681805e-17 2.00389436e-08 1.83014957e-07 8.87411173e-01
 5.49504832e-07 1.12588075e-01]
TACTTCAGTCGCTGCA-1 [0. 0. 0. 1. 0. 0.]
ACTCCCAGTTCCACGG-1 [0. 0. 0. 0. 0. 1.]
InternalNode61 [1.03688517e-12 1.38925253e-05 2.50585231e-04 8.04707691e-01
 1.10289768e-04 1.94917541e-01]
InternalNode62 [1.27998975e-16 1.21216339e-10 1.77584861e-09 9.87267961e-01
 5.57021074e-09 1.27320318e-02]
GAATCACCAAAGACGC-1 [0. 0. 0. 1. 0. 0.]
InternalNode63 [3.08042433e-17 1.95485667e-11 1.72476663e-10 9.98204444e-01
 4.64919345e-10 1.79555496e-03]
GCTTGGGTCGATTCCC-1 [0. 0. 0. 1. 0. 0.]
InternalNode64 [2.56078352e-17 4.58950188e-14 3.41694858e-13 9.98899859e-01
 4.58812812e-12 1.10014058e-03]
GAGGCAACAAGCCTGC-1 [0. 0. 0. 1. 0. 0.]
ATGAGTCCAGGCTACC-1 [0. 0. 0. 1. 0. 0.]
InternalNode65 [1.24745075e-09 7.00866466e-04 8.87461160e-03 5.19060046e-01
 3.01835710e-03 4.68346118e-01]
InternalNode66 [2.56314476e-13 1.13335354e-03 1.43596185e-02 1.40101021e-01
 5.26529428e-03 8.39140713e-01]
CTAGGTAAGCCAGTAG-1 [0. 0. 0. 0. 0. 1.]
InternalNode67 [2.21600079e-17 8.88204543e-04 1.18250150e-02 3.48259008e-02
 5.57741165e-03 9.46883468e-01]
ACACGCGGTACTCGTA-1 [0. 0. 0. 0. 0. 1.]
CCTCACATCCTGGGAC-1 [0. 0. 0. 0. 0. 1.]
InternalNode68 [9.90756908e-17 4.34032350e-04 5.72959763e-03 4.43480421e-01
 2.45648018e-03 5.47899469e-01]
InternalNode69 [2.13832860e-16 7.05481127e-08 8.90351770e-07 5.40963928e-01
 3.09461821e-06 4.59032016e-01]
AAAGGTAGTCTAACGT-1 [0. 0. 0. 0. 0. 1.]
AGCTACATCTACACAG-1 [0. 0. 0. 1. 0. 0.]
CTGCGAGCAAGCTGCC-1 [0. 0. 0. 0. 0. 1.]
InternalNode70 [2.19711887e-06 6.77369910e-02 1.90964765e-02 7.57297453e-03
 1.39470792e-01 7.66120568e-01]
InternalNode71 [1.48738067e-08 2.25972588e-02 1.03679004e-02 4.17514933e-03
 2.64685849e-01 6.98173828e-01]
InternalNode72 [3.69577749e-17 4.73762775e-03 3.07712349e-02 4.25920770e-03
 4.12423884e-02 9.18989541e-01]
TCTTGCGTCTGGGATT-1 [0. 0. 0. 0. 0. 1.]
AATGAAGGTGGATACG-1 [0. 0. 0. 0. 0. 1.]
InternalNode73 [1.90936715e-13 3.04440055e-03 7.44172046e-04 3.44632132e-04
 8.80290670e-01 1.15576125e-01]
InternalNode74 [2.01325880e-17 5.40139686e-04 2.36556633e-04 3.78351430e-05
 9.78624928e-01 2.05605408e-02]
TCAGGTATCGCAAGAG-1 [0. 0. 0. 0. 1. 0.]
CTCGAGGTCGTCTACC-1 [0. 0. 0. 0. 1. 0.]
CCGTTCATCAGGGTAG-1 [0. 0. 0. 0. 1. 0.]
InternalNode75 [3.41720705e-12 1.35065000e-02 5.10453026e-02 1.84563841e-02
 6.82288680e-02 8.48762945e-01]
InternalNode76 [2.64927761e-10 3.20420985e-03 9.49715874e-02 5.98016709e-02
 1.05294569e-01 7.36727962e-01]
InternalNode77 [5.10983178e-12 2.82784170e-04 2.54180888e-01 1.69743172e-02
 2.90120347e-01 4.38441664e-01]
InternalNode78 [3.74582469e-16 1.31379375e-12 8.96112839e-01 9.40332859e-04
 7.50497425e-02 2.78970855e-02]
TGCGACGTCCGACAGC-1 [0. 0. 1. 0. 0. 0.]
CTTCCGAGTACCGTCG-1 [0. 0. 1. 0. 0. 0.]
InternalNode79 [9.91811983e-17 1.54852055e-03 4.39996301e-02 3.43353189e-03
 3.37066070e-01 6.13952247e-01]
AGGGTCCAGAACGTGC-1 [0. 0. 0. 0. 0. 1.]
CAGAGCCGTCCGTTTC-1 [0. 0. 0. 0. 1. 0.]
InternalNode80 [1.49934251e-10 9.95725324e-04 2.02091694e-02 1.70763043e-01
 4.51001985e-02 7.62931864e-01]
InternalNode81 [2.30997990e-09 2.64687081e-03 1.06083136e-02 3.38006879e-02
 1.82241225e-01 7.70702900e-01]
InternalNode82 [2.98874915e-17 1.45470914e-03 2.45571294e-02 1.11211967e-02
 2.98256837e-02 9.33041281e-01]
AAGTTCGAGTAGGGTC-1 [0. 0. 0. 0. 0. 1.]
TCACATTGTTACTCAG-1 [0. 0. 0. 0. 0. 1.]
InternalNode83 [7.26289318e-17 1.12307995e-03 6.39956722e-04 9.53318186e-04
 8.80370621e-01 1.16913024e-01]
CCGGACAGTAGCTTAC-1 [0. 0. 0. 0. 1. 0.]
ATTTCACAGCCTGTGC-1 [0. 0. 0. 0. 1. 0.]
InternalNode84 [1.52749924e-12 3.39647015e-05 9.20594871e-04 6.03017385e-01
 6.38578047e-04 3.95389477e-01]
InternalNode85 [2.59981390e-16 7.29730410e-13 1.31354083e-11 9.75755115e-01
 2.82353793e-10 2.42448844e-02]
CACAACATCCATATGG-1 [0. 0. 0. 1. 0. 0.]
ATGTCCCGTGCTGCAC-1 [0. 0. 0. 1. 0. 0.]
InternalNode86 [1.14200869e-16 3.13358131e-04 3.54531918e-03 5.13595067e-01
 1.86079283e-03 4.80685463e-01]
TTGCCTGCATAACTCG-1 [0. 0. 0. 0. 0. 1.]
InternalNode87 [4.64433825e-12 1.11096557e-07 7.72580379e-07 6.02214253e-01
 1.59903271e-05 3.97768873e-01]
InternalNode88 [1.61991006e-16 2.90977398e-03 5.38508601e-03 8.33305438e-02
 1.13183594e-01 7.95191002e-01]
CGAGAAGGTTGCGGAA-1 [0. 0. 0. 0. 1. 0.]
ATCTTCATCTATACTC-1 [0. 0. 0. 0. 0. 1.]
TCGTGCTCAATCGCCG-1 [0. 0. 0. 1. 0. 0.]
CCCTCTCCAAAGGTTA-1 [0. 0. 0. 0. 0. 1.]
InternalNode89 [4.40716650e-04 9.20756307e-01 1.42703142e-04 3.83957424e-04
 4.24739291e-02 3.58023868e-02]
InternalNode90 [1.60145002e-04 9.96001105e-01 1.44828770e-05 4.59303294e-05
 1.91727526e-03 1.86106192e-03]
ACGATCACAAGTTGGG-1 [0. 1. 0. 0. 0. 0.]
InternalNode91 [4.80733639e-05 9.92319888e-01 2.11868142e-05 4.29775051e-05
 2.79145421e-03 4.77641985e-03]
ACGATGTCATGAGAAT-1 [0. 1. 0. 0. 0. 0.]
InternalNode92 [1.43193357e-09 1.98120160e-01 2.27149526e-04 3.06078932e-04
 5.79974044e-01 2.21372566e-01]
ACGATCAAGTCCTACA-1 [0. 0. 0. 0. 1. 0.]
InternalNode93 [2.47434970e-12 5.17340168e-02 7.59097437e-03 9.21520867e-03
 5.23671189e-01 4.07788611e-01]
InternalNode94 [1.32257067e-15 2.06892912e-06 9.79476007e-06 9.98385910e-02
 1.06750883e-04 9.00042794e-01]
TTTCGATTCTGATGGT-1 [0. 0. 0. 1. 0. 0.]
TTTATGCCACAGTCCG-1 [0. 0. 0. 0. 0. 1.]
InternalNode95 [1.34316813e-13 5.65007665e-03 5.84971378e-04 3.88221818e-04
 9.20107213e-01 7.32695167e-02]
TTTGTTGAGAGCATAT-1 [0. 0. 0. 0. 1. 0.]
InternalNode96 [1.77826341e-17 7.33666641e-04 2.23839558e-04 2.77666964e-05
 9.84050040e-01 1.49646870e-02]
TACGCTCAGTTGTAGA-1 [0. 0. 0. 0. 1. 0.]
GGATCTACAGTCGCTG-1 [0. 0. 0. 0. 1. 0.]
InternalNode97 [2.51386107e-03 9.70686421e-01 1.44170819e-04 1.02395422e-04
 7.17013454e-03 1.93830175e-02]
InternalNode98 [2.72112994e-12 1.74855716e-01 3.12708714e-03 1.38292226e-04
 1.46430897e-01 6.75448007e-01]
AACCTTTGTCGTGGTC-1 [0. 0. 0. 0. 0. 1.]
InternalNode99 [8.21438350e-12 4.87552478e-06 1.72712454e-01 3.50099083e-03
 3.86807101e-01 4.36974579e-01]
GGAATGGAGGTCCCGT-1 [0. 0. 1. 0. 0. 0.]
InternalNode100 [9.03882121e-17 1.52738290e-03 3.21630510e-02 1.58806080e-03
 4.11072224e-01 5.53649282e-01]
TTACCGCCAGGAGGAG-1 [0. 0. 0. 0. 0. 1.]
GCTTGGGAGACCACGA-1 [0. 0. 0. 0. 1. 0.]
CAATACGAGATAGCAT-1 [0. 1. 0. 0. 0. 0.]
InternalNode101 [1.33360220e-01 8.42245769e-01 1.67301142e-07 1.07687645e-07
 5.60161507e-03 1.87921205e-02]
InternalNode102 [1.19901134e-02 8.38582931e-01 1.08175150e-03 2.59834174e-04
 1.48692265e-02 1.33216143e-01]
InternalNode103 [0.00089623 0.82970262 0.00198014 0.00154832 0.01090705 0.15496564]
InternalNode104 [2.51382283e-04 8.94486230e-01 6.81567079e-04 1.74500010e-03
 8.11839853e-03 9.47174224e-02]
InternalNode105 [1.98032048e-09 6.56773958e-01 1.68995025e-03 1.17473023e-03
 1.81238232e-02 3.22237536e-01]
GTCATGAGTTCCGTTC-1 [0. 0. 0. 0. 0. 1.]
InternalNode106 [3.10605946e-07 6.27690175e-01 3.19598391e-03 2.95934153e-03
 4.15132925e-02 3.24640897e-01]
InternalNode107 [1.08966120e-16 9.89094074e-02 6.85846799e-03 2.20444348e-03
 1.67116386e-02 8.75316043e-01]
TATTCCAGTCGTACAT-1 [0. 0. 0. 0. 0. 1.]
AGGGCCTGTGAGACGT-1 [0. 0. 0. 0. 0. 1.]
InternalNode108 [1.97665933e-06 7.02396954e-01 7.09896489e-04 2.08924333e-03
 1.28429776e-01 1.66372153e-01]
InternalNode109 [2.72314492e-05 9.93458142e-01 1.14398362e-05 9.73292986e-05
 2.87507881e-03 3.53077876e-03]
TCCTGCAAGGACTATA-1 [0. 1. 0. 0. 0. 0.]
InternalNode110 [8.92798052e-06 9.99757784e-01 2.30246800e-07 2.62823376e-06
 9.53265568e-05 1.35102930e-04]
TATTGGGTCTTCACGC-1 [0. 1. 0. 0. 0. 0.]
TCGCAGGGTACACGCC-1 [0. 1. 0. 0. 0. 0.]
InternalNode111 [8.76411652e-12 1.40293972e-01 7.43048043e-04 4.73484043e-04
 6.54306908e-01 2.04182588e-01]
InternalNode112 [9.33201522e-17 4.06942272e-02 7.04086851e-03 5.83366420e-04
 6.26277758e-01 3.25403780e-01]
CTCTGGTTCTCAACCC-1 [0. 0. 0. 0. 0. 1.]
TCGGATAAGATTGTGA-1 [0. 0. 0. 0. 1. 0.]
TTGTGTTAGCTAAACA-1 [0. 0. 0. 0. 1. 0.]
InternalNode113 [7.65009940e-05 9.97594043e-01 3.60225991e-06 6.06371632e-05
 4.56779798e-04 1.80843677e-03]
TGCACGGCACGAGGTA-1 [0. 1. 0. 0. 0. 0.]
GCTTCACAGAGTTCGG-1 [0. 1. 0. 0. 0. 0.]
InternalNode114 [1.49017804e-13 1.31336960e-01 2.61977085e-03 1.08246892e-03
 1.44537971e-02 8.50507003e-01]
GTTCCGTAGCTCGGCT-1 [0. 0. 0. 0. 0. 1.]
GGGAGATCAATAGTAG-1 [0. 0. 0. 0. 0. 1.]
InternalNode115 [2.55058815e-04 2.20177126e-01 7.15337249e-03 1.90786087e-03
 9.04468670e-02 6.80059715e-01]
InternalNode116 [5.54953494e-06 5.41508885e-02 2.85849028e-02 1.72578007e-02
 5.49828884e-02 8.45017970e-01]
InternalNode117 [8.76990895e-08 1.30009509e-02 2.78620066e-02 5.02931709e-02
 3.11812153e-02 8.77662569e-01]
InternalNode118 [6.92583427e-09 4.88116386e-03 2.15006966e-02 3.15768045e-02
 5.35887462e-02 8.88452582e-01]
InternalNode119 [2.64561880e-13 1.77274678e-03 1.87810305e-02 3.89306704e-02
 2.07223365e-02 9.19793216e-01]
GTTAGACGTGGCGTAA-1 [0. 0. 0. 0. 0. 1.]
InternalNode120 [3.19221195e-10 1.22857592e-03 1.07671036e-02 9.45390183e-02
 3.22553211e-02 8.61209981e-01]
InternalNode121 [8.47993187e-12 8.09626281e-05 7.44605119e-04 2.86276903e-01
 3.16467980e-03 7.09732850e-01]
InternalNode122 [1.21175125e-16 2.34336978e-03 4.72846250e-03 4.09348053e-02
 1.36246864e-01 8.15746499e-01]
TGTAACGCATCTTCGC-1 [0. 0. 0. 0. 1. 0.]
CTCTGGTCAACGGTAG-1 [0. 0. 0. 0. 0. 1.]
InternalNode123 [5.30727744e-16 1.59839077e-12 2.13745473e-11 9.56181103e-01
 9.28534495e-10 4.38188960e-02]
AGCTTCCGTGACAGCA-1 [0. 0. 0. 1. 0. 0.]
CCTCTAGGTTGTAGCT-1 [0. 0. 0. 1. 0. 0.]
InternalNode124 [9.68683277e-17 2.28917085e-03 5.92368926e-03 1.51093707e-02
 1.68696747e-01 8.07981022e-01]
AGCCAGCAGTATGTAG-1 [0. 0. 0. 0. 1. 0.]
CTCAACCTCCCAGGCA-1 [0. 0. 0. 0. 0. 1.]
InternalNode125 [2.36921458e-13 3.23279369e-03 8.49949088e-03 7.34161169e-03
 1.69499724e-01 8.11426380e-01]
InternalNode126 [6.62505304e-17 1.12735922e-03 5.73001404e-04 3.75109250e-04
 8.81141094e-01 1.16783437e-01]
AGATGAAAGTCGCCCA-1 [0. 0. 0. 0. 1. 0.]
TTTGGAGTCTGCGTCT-1 [0. 0. 0. 0. 1. 0.]
TCCACCAGTCCACATA-1 [0. 0. 0. 0. 0. 1.]
InternalNode127 [2.48170599e-12 2.53252931e-03 1.71869533e-02 1.15485850e-01
 9.31150416e-03 8.55483163e-01]
InternalNode128 [1.90136666e-13 1.27683803e-03 1.61455326e-02 3.57539720e-02
 7.73572705e-03 9.39087930e-01]
AACAACCAGATTGCGG-1 [0. 0. 0. 0. 0. 1.]
InternalNode129 [2.00552531e-17 8.65654470e-04 1.21411572e-02 1.23555729e-02
 6.19157987e-03 9.68446036e-01]
AGCCACGAGCCGATCC-1 [0. 0. 0. 0. 0. 1.]
CCTCTCCGTAGTCTGT-1 [0. 0. 0. 0. 0. 1.]
InternalNode130 [3.27996486e-16 1.66903052e-07 1.84314402e-06 2.99890486e-01
 5.86597995e-06 7.00101638e-01]
CCCGAAGGTCCGAAAG-1 [0. 0. 0. 1. 0. 0.]
AAGCCATGTTGGACTT-1 [0. 0. 0. 0. 0. 1.]
InternalNode131 [9.51857551e-08 1.52980999e-02 3.23815685e-02 1.19005524e-02
 6.09056162e-02 8.79514068e-01]
InternalNode132 [3.92090432e-17 3.15378998e-03 2.01211491e-02 6.82487365e-03
 1.35314469e-02 9.56368740e-01]
TCAAGTGCACCACTGG-1 [0. 0. 0. 0. 0. 1.]
TGGTAGTGTGATTGGG-1 [0. 0. 0. 0. 0. 1.]
InternalNode133 [3.37592197e-09 5.90019905e-03 3.52360112e-02 8.27527209e-03
 1.61582278e-01 7.89006236e-01]
InternalNode134 [2.43505361e-09 2.52636381e-03 4.65867530e-02 9.18767537e-03
 4.06080210e-02 9.01091184e-01]
InternalNode135 [1.90772803e-13 1.28092416e-03 2.75542552e-02 7.92616830e-03
 1.30568316e-02 9.50181821e-01]
TGCCGAGGTAGTCGTT-1 [0. 0. 0. 0. 0. 1.]
InternalNode136 [1.98497138e-17 8.59222116e-04 1.52587132e-02 6.28865853e-03
 6.95449753e-03 9.70638909e-01]
CCTTGTGTCTGAATGC-1 [0. 0. 0. 0. 0. 1.]
CATCAAGTCGCTTAAG-1 [0. 0. 0. 0. 0. 1.]
InternalNode137 [2.20307680e-17 1.10476222e-03 2.20682203e-02 6.33138142e-03
 1.06345843e-02 9.59861052e-01]
CAGAGCCAGTCATGCT-1 [0. 0. 0. 0. 0. 1.]
GTAATCGTCACTCACC-1 [0. 0. 0. 0. 0. 1.]
InternalNode138 [3.44848520e-16 1.37989178e-03 4.26843749e-02 2.77370650e-03
 5.70338307e-01 3.82823720e-01]
InternalNode139 [2.75453364e-16 1.24619340e-07 4.58207241e-01 3.01036012e-03
 1.98915255e-01 3.39867019e-01]
AGATCCATCATTCGGA-1 [0. 0. 1. 0. 0. 0.]
ATCCTATGTTGCCGCA-1 [0. 0. 0. 0. 0. 1.]
GCCATTCTCATGAGAA-1 [0. 0. 0. 0. 1. 0.]
InternalNode140 [1.57502744e-10 5.31933152e-02 3.95771676e-02 3.55096541e-03
 1.60491691e-01 7.43186861e-01]
TCAGTGAAGCGCCTTG-1 [0. 0. 0. 0. 0. 1.]
InternalNode141 [1.36452326e-10 4.60838230e-03 1.26064809e-01 2.97003081e-03
 5.42600723e-01 3.23756055e-01]
InternalNode142 [2.44681491e-09 2.06260233e-03 5.30525066e-02 1.49652469e-03
 6.62357599e-01 2.81030765e-01]
InternalNode143 [7.87069800e-17 2.19295120e-03 1.55441637e-02 9.18279610e-04
 6.12156277e-01 3.69188329e-01]
CAACAGTAGTCTGGAG-1 [0. 0. 0. 0. 0. 1.]
GGGATGAGTTTGTGGT-1 [0. 0. 0. 0. 1. 0.]
InternalNode144 [5.54029812e-13 6.19925947e-04 5.49918221e-02 8.42684444e-04
 7.97865870e-01 1.45679697e-01]
InternalNode145 [3.29434103e-17 3.72920160e-04 1.60968056e-03 5.67762723e-05
 9.62509117e-01 3.54515063e-02]
CCTATCGGTTGTGTTG-1 [0. 0. 0. 0. 1. 0.]
ATTCCATTCCTACTGC-1 [0. 0. 0. 0. 1. 0.]
InternalNode146 [2.87092870e-12 9.77489339e-08 4.86332697e-01 1.22897351e-03
 3.59683493e-01 1.52754738e-01]
TTGGTTTAGGTCGAGT-1 [0. 0. 1. 0. 0. 0.]
InternalNode147 [7.71840646e-13 1.41084872e-03 1.50949296e-01 1.06417475e-03
 1.90168932e-01 6.56406749e-01]
GAGTTACAGTCTAGCT-1 [0. 0. 0. 0. 0. 1.]
InternalNode148 [9.18103657e-17 1.97246656e-03 2.77789491e-02 1.81188284e-03
 2.75546812e-01 6.92889889e-01]
ACTGTCCAGAAGCCTG-1 [0. 0. 0. 0. 0. 1.]
AGACACTCACTTCCTG-1 [0. 0. 0. 0. 1. 0.]
InternalNode149 [4.12465029e-16 1.05991173e-04 6.07779756e-01 1.04002988e-03
 3.14101022e-01 7.69732005e-02]
InternalNode150 [2.00075496e-12 3.46361351e-08 6.54162880e-01 6.27461370e-04
 2.55310031e-01 8.98995931e-02]
TAACTTCCACGCCAGT-1 [0. 0. 1. 0. 0. 0.]
InternalNode151 [1.24703925e-16 9.67785895e-04 1.04325160e-01 3.14326883e-04
 2.86245399e-01 6.08147328e-01]
GTTTGGAAGTTAGTGA-1 [0. 0. 0. 0. 1. 0.]
ATCGATGAGATGACCG-1 [0. 0. 0. 0. 0. 1.]
InternalNode152 [1.34614819e-16 4.70127546e-13 9.39291161e-01 1.03845188e-04
 5.38870024e-02 6.71799118e-03]
CAGAGCCGTCAAACGG-1 [0. 0. 1. 0. 0. 0.]
TCGAAGTGTGACAGGT-1 [0. 0. 1. 0. 0. 0.]
InternalNode153 [3.48084669e-02 8.93218660e-01 3.00958664e-04 1.33020480e-04
 2.97753275e-02 4.17635660e-02]
InternalNode154 [9.30356282e-03 9.04721237e-01 1.22611316e-03 3.62080422e-04
 2.95229222e-02 5.48640846e-02]
InternalNode155 [7.10155687e-04 8.40337936e-01 3.12020090e-03 7.01822074e-04
 1.87280473e-02 1.36401838e-01]
InternalNode156 [1.57627713e-09 1.89586710e-01 4.40564102e-03 1.04034263e-03
 5.67888939e-02 7.48178411e-01]
TCTACCGTCTATTGTC-1 [0. 0. 0. 0. 0. 1.]
InternalNode157 [9.39358626e-09 5.32227461e-02 1.60187527e-02 4.89269188e-03
 1.49390935e-01 7.76474865e-01]
InternalNode158 [3.63964410e-13 1.38695418e-02 4.41124402e-02 5.35301973e-03
 1.44812230e-01 7.91852769e-01]
GCATTAGAGATGGTAT-1 [0. 0. 0. 0. 0. 1.]
InternalNode159 [7.04289683e-10 3.51115660e-03 9.40808974e-02 5.06817585e-03
 3.83231043e-01 5.14108727e-01]
InternalNode160 [2.77584695e-09 2.46346559e-03 5.98019162e-02 3.65969051e-03
 4.19061585e-01 5.15013340e-01]
InternalNode161 [7.21668278e-13 2.47111384e-03 4.32937196e-02 3.47247782e-03
 2.25080490e-01 7.25682199e-01]
ACTTCGCGTCAGTCGC-1 [0. 0. 0. 0. 0. 1.]
InternalNode162 [8.44244862e-17 2.39450243e-03 1.16734778e-02 2.31692256e-03
 3.07312473e-01 6.76302624e-01]
GCCCGAATCTCACCCA-1 [0. 0. 0. 0. 1. 0.]
TCACATTAGGCTCTCG-1 [0. 0. 0. 0. 0. 1.]
InternalNode163 [2.70354404e-16 8.39571994e-04 5.50836969e-02 1.58039473e-03
 6.76437493e-01 2.66058844e-01]
AAGTCGTAGGTGCTAG-1 [0. 0. 0. 0. 1. 0.]
InternalNode164 [2.65213588e-16 1.06421230e-07 5.02699566e-01 2.00994697e-03
 2.25302411e-01 2.69987969e-01]
ACACCAAAGATGTTAG-1 [0. 0. 1. 0. 0. 0.]
GTGCTGGAGAGTACCG-1 [0. 0. 0. 0. 0. 1.]
InternalNode165 [4.17274434e-12 2.51933741e-04 2.45562888e-01 3.56326517e-03
 4.66464124e-01 2.84157789e-01]
InternalNode166 [2.97837748e-16 1.10092231e-12 8.89550553e-01 3.74586177e-04
 9.10349181e-02 1.90399429e-02]
TTACTGTAGGTTGGAC-1 [0. 0. 1. 0. 0. 0.]
ATTCCCGAGAGTCAGC-1 [0. 0. 1. 0. 0. 0.]
InternalNode167 [8.71612009e-13 1.53856584e-03 5.63276214e-02 1.55767410e-03
 4.95190210e-01 4.45385929e-01]
CCTCCTCCATTGGCAT-1 [0. 0. 0. 0. 1. 0.]
InternalNode168 [4.49262258e-13 2.18411256e-03 7.85670490e-02 3.30913159e-03
 9.00087497e-02 8.25930957e-01]
CGTGATAAGTCACGCC-1 [0. 0. 0. 0. 0. 1.]
InternalNode169 [2.10489551e-13 1.31407456e-03 4.18005183e-02 5.91361687e-03
 2.09190083e-02 9.30052782e-01]
ATCATTCGTGATCATC-1 [0. 0. 0. 0. 0. 1.]
InternalNode170 [2.03710542e-17 8.73695055e-04 1.93458714e-02 5.74979719e-03
 7.98306098e-03 9.66047575e-01]
ACCTGTCGTCGTATTG-1 [0. 0. 0. 0. 0. 1.]
TGGATCAAGACGGTCA-1 [0. 0. 0. 0. 0. 1.]
InternalNode171 [9.33543697e-17 1.65553055e-02 6.93563060e-03 2.63996557e-03
 2.62130603e-01 7.11738495e-01]
TAGCACAAGAGTCGAC-1 [0. 0. 0. 0. 0. 1.]
TATTGGGGTCTTTATC-1 [0. 0. 0. 0. 1. 0.]
InternalNode172 [5.66571246e-09 8.52288464e-01 8.80289638e-04 1.41820289e-03
 1.08969436e-02 1.34516094e-01]
AACCCAAGTCTGCATA-1 [0. 0. 0. 0. 0. 1.]
CCTCTAGGTGTAAATG-1 [0. 1. 0. 0. 0. 0.]
InternalNode173 [4.78060561e-04 8.57161786e-01 5.73599871e-04 3.37839343e-04
 7.67099307e-02 6.47387832e-02]
InternalNode174 [3.75321201e-05 8.82030452e-01 1.57572857e-03 9.28023059e-04
 3.41875918e-02 8.12406729e-02]
InternalNode175 [4.81431407e-07 1.93817707e-01 6.32667413e-03 9.81126890e-04
 3.32954855e-02 7.65578525e-01]
InternalNode176 [1.71752551e-12 4.28960834e-02 1.33227083e-02 5.19993471e-03
 2.88965521e-02 9.09684722e-01]
GAGTCATAGGAAGAAC-1 [0. 0. 0. 0. 0. 1.]
InternalNode177 [5.08007989e-09 1.36348963e-02 1.57168889e-02 7.35047466e-03
 6.99663801e-02 8.93331355e-01]
InternalNode178 [9.82352997e-13 5.99372324e-03 8.69170192e-03 4.21194440e-03
 2.60568881e-01 7.20533749e-01]
TCTCAGCTCACTGTCC-1 [0. 0. 0. 0. 1. 0.]
InternalNode179 [5.26248823e-13 2.72201054e-03 3.97570526e-02 6.10995955e-03
 7.16523461e-02 8.79758631e-01]
ATTCACTGTGCCCACA-1 [0. 0. 0. 0. 0. 1.]
InternalNode180 [4.68089870e-09 2.06514644e-03 3.20089701e-02 8.54871084e-03
 5.73343083e-02 9.00042860e-01]
InternalNode181 [4.70074718e-13 2.18882277e-03 1.39941759e-02 5.18450646e-03
 1.24794115e-01 8.53838380e-01]
GATAGAACAATGACCT-1 [0. 0. 0. 0. 0. 1.]
InternalNode182 [1.09678291e-12 2.13643979e-03 3.97970585e-03 1.86200956e-03
 5.76602867e-01 4.15418978e-01]
GTCACTCCATGATCTG-1 [0. 0. 0. 0. 1. 0.]
InternalNode183 [7.60970360e-17 2.28698718e-03 7.64534081e-03 1.30932555e-03
 5.55622662e-01 4.33135684e-01]
ACTGTGACAAAGGATT-1 [0. 0. 0. 0. 0. 1.]
TCCGAAAAGAAGGATG-1 [0. 0. 0. 0. 1. 0.]
InternalNode184 [1.99609600e-13 1.24502515e-03 2.48581420e-02 7.75089765e-03
 1.58070501e-02 9.50338885e-01]
CCCTGATAGCATACTC-1 [0. 0. 0. 0. 0. 1.]
InternalNode185 [1.99671278e-17 8.60647734e-04 1.48184817e-02 6.25087329e-03
 7.33424885e-03 9.70735748e-01]
TAACGACGTTGATCGT-1 [0. 0. 0. 0. 0. 1.]
CCATAAGAGGTATTGA-1 [0. 0. 0. 0. 0. 1.]
InternalNode186 [2.43702322e-17 2.91845128e-03 1.67735350e-02 5.89032551e-03
 1.48011255e-02 9.59616563e-01]
GCTTGGGCAAACTAGA-1 [0. 0. 0. 0. 0. 1.]
TCCGTGTGTAGAGCTG-1 [0. 0. 0. 0. 0. 1.]
InternalNode187 [1.11760486e-16 3.10252229e-02 1.02188166e-02 3.87838454e-03
 1.15615193e-02 9.43316057e-01]
TTCCGTGTCAAAGAAC-1 [0. 0. 0. 0. 0. 1.]
GGTGTCGCACTAACGT-1 [0. 0. 0. 0. 0. 1.]
TACACCCTCCCGTTGT-1 [0. 1. 0. 0. 0. 0.]
InternalNode188 [1.45452779e-09 1.16608697e-01 1.70796929e-04 6.96060489e-05
 7.93797973e-01 8.93529261e-02]
TATCTGTAGGTGAGAA-1 [0. 0. 0. 0. 1. 0.]
InternalNode189 [3.51230329e-09 2.81183351e-02 3.38823349e-03 2.31980227e-04
 8.66932265e-01 1.01329183e-01]
InternalNode190 [6.93995898e-10 4.50858267e-03 1.57027718e-03 1.18497753e-04
 9.50742895e-01 4.30597463e-02]
InternalNode191 [6.62711122e-14 7.19753104e-04 3.46227740e-04 1.91828728e-05
 9.85637084e-01 1.32777520e-02]
ATCCATTGTTAAGGAT-1 [0. 0. 0. 0. 1. 0.]
InternalNode192 [1.86453673e-10 3.53522446e-04 4.03338061e-04 7.04440030e-06
 9.89769096e-01 9.46699867e-03]
InternalNode193 [1.48899684e-10 2.97860180e-04 3.73710807e-04 4.46851846e-06
 9.90904471e-01 8.41948944e-03]
InternalNode194 [1.32047850e-17 2.15692951e-04 2.06631113e-04 2.30593214e-06
 9.93626889e-01 5.94848063e-03]
TGCAGGCCAGCAGTGA-1 [0. 0. 0. 0. 1. 0.]
GGGTGAAGTCTGTAAC-1 [0. 0. 0. 0. 1. 0.]
InternalNode195 [1.13113728e-10 2.79843032e-04 3.43438043e-04 3.64330973e-06
 9.91496148e-01 7.87692708e-03]
InternalNode196 [1.31479293e-17 2.13685358e-04 2.05765870e-04 2.14600213e-06
 9.93709567e-01 5.86883542e-03]
TCGTCCATCCATTCGC-1 [0. 0. 0. 0. 1. 0.]
TTACTGTAGACTACGG-1 [0. 0. 0. 0. 1. 0.]
InternalNode197 [1.31479293e-17 2.13685358e-04 2.05765870e-04 2.14600213e-06
 9.93709567e-01 5.86883542e-03]
GTAGCTAAGATGGCAC-1 [0. 0. 0. 0. 1. 0.]
TAGAGTCGTCGAACGA-1 [0. 0. 0. 0. 1. 0.]
InternalNode198 [4.71931691e-14 2.61814141e-04 3.52046904e-04 3.79212536e-06
 9.91809421e-01 7.57292618e-03]
TAAGCCATCCTAGCCT-1 [0. 0. 0. 0. 1. 0.]
InternalNode199 [6.68859181e-14 2.55576020e-04 1.79473745e-03 4.71080384e-06
 9.88767603e-01 9.17737282e-03]
InternalNode200 [1.34724501e-17 2.13097556e-04 2.42579734e-04 2.50913893e-06
 9.93209077e-01 6.33273674e-03]
CTGCATCAGATGAATC-1 [0. 0. 0. 0. 1. 0.]
AGTTCGACAAAGGCTG-1 [0. 0. 0. 0. 1. 0.]
InternalNode201 [1.30484733e-16 2.88135507e-08 3.31204069e-02 1.33217691e-05
 9.53924596e-01 1.29416469e-02]
TATCCTAGTTACAGCT-1 [0. 0. 0. 0. 1. 0.]
ATCGTGAGTTGCTTGA-1 [0. 0. 1. 0. 0. 0.]
InternalNode202 [1.13591947e-09 1.50497864e-03 1.02578328e-02 1.52313688e-04
 9.32895606e-01 5.51892677e-02]
InternalNode203 [1.23608688e-16 4.57666492e-04 2.52897519e-02 1.37778105e-04
 9.21912529e-01 5.22022745e-02]
TATCCTAGTGTTAACC-1 [0. 0. 0. 0. 1. 0.]
InternalNode204 [2.58270844e-16 9.55878159e-08 5.64687074e-01 3.54287229e-04
 2.89507408e-01 1.45451136e-01]
